198
89
77
178
48
8
163
175
153
21
170
141
91
165
55
203
181
127
5
131
238
11
65
214
56
93
210
190
10
18
256
172
104
87
69
149
23
74
128
173
47
6
241
247
188
263
176
111
7
115
42
4
252
167
185
218
179
37
92
39
26
3
105
180
117
134
71
57
129
255
148
122
106
224
61
45
191
81
20
264
73
223
112
49
133
76
219
253
43
28
197
225
63
118
120
97
51
265
9
30
246
182
113
40
222
171
24
46
248
66
226
119
221
58
240
64
236
249
114
159
33
78
60
16
1
201
205
154
166
230
19
145
44
250
85
84
90
259
100
228
126
217
161
88
215
257
132
157
156
139
211
229
14
15
262
168
17
150
68
125
164
79
96
102
29
234
80
31
204
192
32
245
237
35
244
261
254
53
147
99
36
212
137
227
184
233
193
143
209
231
177
206
22
160
202
67
34
158
151
155
98
135
194
189
142
121
25
101
207
27
199
116
82
38
258
208
136
220
2
216
186
94
124
213
62
232
108
123
260
140
75
196
107
200
144
130
50
59
235
174
152
109
183
187
12
13
239
54
243
242
251
72
162
95
169
146
52
70
195
83
41
138
86