50
43
213
174
131
92
5
53
108
24
226
19
27
167
183
254
81
206
172
95
37
259
225
187
141
197
149
10
40
180
44
164
194
107
88
26
244
152
181
205
173
258
168
78
184
11
251
161
134
125
146
16
112
179
155
193
256
33
242
102
192
230
87
175
47
118
113
89
196
84
48
263
90
59
142
144
114
241
36
52
188
119
100
8
3
178
31
176
222
190
253
219
55
93
83
138
238
130
122
148
237
139
162
224
54
214
39
150
91
204
221
156
140
129
56
234
169
246
12
159
209
42
260
257
61
115
236
264
229
227
143
71
208
231
74
133
68
218
67
186
166
145
157
1
25
101
60
14
247
111
216
135
99
262
233
9
41
185
127
207
80
252
13
77
35
165
210
109
137
211
215
7
171
29
195
4
46
28
106
22
62
69
245
30
240
75
158
94
82
98
201
255
34
212
2
58
223
66
32
153
151
160
228
203
248
199
249
21
128
79
117
177
85
23
163
72
15
243
198
104
136
51
189
202
73
64
239
232
38
70
18
57
116
147
63
250
217
261
96
6
154
132
265
97
49
120
191
121
76
17
123
170
235
45
65
20
86
220
182
126
105
124
200